[app/ui]
version = 7.3.0
modtime = 1602682893.492115000

[app/launcher]
version = 7.3.0
modtime = 1602682893.501098700
